   0.0000000e+00   1.0000000e+00
   3.9062500e-03   9.9999237e-01
   7.8125000e-03   9.9996948e-01
   1.1718750e-02   9.9993134e-01
   1.5625000e-02   9.9987793e-01
   1.9531250e-02   9.9980927e-01
   2.3437500e-02   9.9972535e-01
   2.7343750e-02   9.9962618e-01
   3.1250000e-02   9.9951176e-01
   3.5156250e-02   9.9938208e-01
   3.9062500e-02   9.9923716e-01
   4.2968750e-02   9.9907699e-01
   4.6875000e-02   9.9890157e-01
   5.0781250e-02   9.9871091e-01
   5.4687500e-02   9.9850501e-01
   5.8593750e-02   9.9828388e-01
   6.2500000e-02   9.9804751e-01
   6.6406250e-02   9.9779592e-01
   7.0312500e-02   9.9752909e-01
   7.4218750e-02   9.9724705e-01
   7.8125000e-02   9.9694979e-01
   8.2031250e-02   9.9663732e-01
   8.5937500e-02   9.9630965e-01
   8.9843750e-02   9.9596676e-01
   9.3750000e-02   9.9560869e-01
   9.7656250e-02   9.9523542e-01
   1.0156250e-01   9.9484696e-01
   1.0546875e-01   9.9444333e-01
   1.0937500e-01   9.9402452e-01
   1.1328125e-01   9.9359054e-01
   1.1718750e-01   9.9314140e-01
   1.2109375e-01   9.9267711e-01
   1.2500000e-01   9.9219767e-01
   1.2890625e-01   9.9170309e-01
   1.3281250e-01   9.9119338e-01
   1.3671875e-01   9.9066854e-01
   1.4062500e-01   9.9012859e-01
   1.4453125e-01   9.8957353e-01
   1.4843750e-01   9.8900337e-01
   1.5234375e-01   9.8841812e-01
   1.5625000e-01   9.8781778e-01
   1.6015625e-01   9.8720238e-01
   1.6406250e-01   9.8657191e-01
   1.6796875e-01   9.8592639e-01
   1.7187500e-01   9.8526582e-01
   1.7578125e-01   9.8459022e-01
   1.7968750e-01   9.8389959e-01
   1.8359375e-01   9.8319395e-01
   1.8750000e-01   9.8247331e-01
   1.9140625e-01   9.8173768e-01
   1.9531250e-01   9.8098707e-01
   1.9921875e-01   9.8022149e-01
   2.0312500e-01   9.7944095e-01
   2.0703125e-01   9.7864547e-01
   2.1093750e-01   9.7783505e-01
   2.1484375e-01   9.7700972e-01
   2.1875000e-01   9.7616947e-01
   2.2265625e-01   9.7531433e-01
   2.2656250e-01   9.7444431e-01
   2.3046875e-01   9.7355942e-01
   2.3437500e-01   9.7265968e-01
   2.3828125e-01   9.7174509e-01
   2.4218750e-01   9.7081568e-01
   2.4609375e-01   9.6987145e-01
   2.5000000e-01   9.6891242e-01
   2.5390625e-01   9.6793861e-01
   2.5781250e-01   9.6695003e-01
   2.6171875e-01   9.6594669e-01
   2.6562500e-01   9.6492862e-01
   2.6953125e-01   9.6389582e-01
   2.7343750e-01   9.6284831e-01
   2.7734375e-01   9.6178612e-01
   2.8125000e-01   9.6070924e-01
   2.8515625e-01   9.5961771e-01
   2.8906250e-01   9.5851153e-01
   2.9296875e-01   9.5739073e-01
   2.9687500e-01   9.5625532e-01
   3.0078125e-01   9.5510532e-01
   3.0468750e-01   9.5394075e-01
   3.0859375e-01   9.5276162e-01
   3.1250000e-01   9.5156795e-01
   3.1640625e-01   9.5035976e-01
   3.2031250e-01   9.4913707e-01
   3.2421875e-01   9.4789990e-01
   3.2812500e-01   9.4664826e-01
   3.3203125e-01   9.4538218e-01
   3.3593750e-01   9.4410167e-01
   3.3984375e-01   9.4280676e-01
   3.4375000e-01   9.4149746e-01
   3.4765625e-01   9.4017380e-01
   3.5156250e-01   9.3883579e-01
   3.5546875e-01   9.3748345e-01
   3.5937500e-01   9.3611681e-01
   3.6328125e-01   9.3473589e-01
   3.6718750e-01   9.3334070e-01
   3.7109375e-01   9.3193127e-01
   3.7500000e-01   9.3050762e-01
   3.7890625e-01   9.2906977e-01
   3.8281250e-01   9.2761775e-01
   3.8671875e-01   9.2615157e-01
   3.9062500e-01   9.2467126e-01
   3.9453125e-01   9.2317684e-01
   3.9843750e-01   9.2166834e-01
   4.0234375e-01   9.2014577e-01
   4.0625000e-01   9.1860916e-01
   4.1015625e-01   9.1705853e-01
   4.1406250e-01   9.1549391e-01
   4.1796875e-01   9.1391532e-01
   4.2187500e-01   9.1232278e-01
   4.2578125e-01   9.1071633e-01
   4.2968750e-01   9.0909598e-01
   4.3359375e-01   9.0746175e-01
   4.3750000e-01   9.0581368e-01
   4.4140625e-01   9.0415179e-01
   4.4531250e-01   9.0247610e-01
   4.4921875e-01   9.0078664e-01
   4.5312500e-01   8.9908344e-01
   4.5703125e-01   8.9736652e-01
   4.6093750e-01   8.9563590e-01
   4.6484375e-01   8.9389162e-01
   4.6875000e-01   8.9213370e-01
   4.7265625e-01   8.9036217e-01
   4.7656250e-01   8.8857705e-01
   4.8046875e-01   8.8677837e-01
   4.8437500e-01   8.8496616e-01
   4.8828125e-01   8.8314044e-01
   4.9218750e-01   8.8130125e-01
   4.9609375e-01   8.7944862e-01
   5.0000000e-01   8.7758256e-01
   5.0390625e-01   8.7570312e-01
   5.0781250e-01   8.7381031e-01
   5.1171875e-01   8.7190416e-01
   5.1562500e-01   8.6998472e-01
   5.1953125e-01   8.6805200e-01
   5.2343750e-01   8.6610603e-01
   5.2734375e-01   8.6414685e-01
   5.3125000e-01   8.6217448e-01
   5.3515625e-01   8.6018896e-01
   5.3906250e-01   8.5819031e-01
   5.4296875e-01   8.5617856e-01
   5.4687500e-01   8.5415375e-01
   5.5078125e-01   8.5211591e-01
   5.5468750e-01   8.5006507e-01
   5.5859375e-01   8.4800125e-01
   5.6250000e-01   8.4592450e-01
   5.6640625e-01   8.4383484e-01
   5.7031250e-01   8.4173230e-01
   5.7421875e-01   8.3961692e-01
   5.7812500e-01   8.3748872e-01
   5.8203125e-01   8.3534775e-01
   5.8593750e-01   8.3319403e-01
   5.8984375e-01   8.3102760e-01
   5.9375000e-01   8.2884849e-01
   5.9765625e-01   8.2665673e-01
   6.0156250e-01   8.2445235e-01
   6.0546875e-01   8.2223540e-01
   6.0937500e-01   8.2000590e-01
   6.1328125e-01   8.1776389e-01
   6.1718750e-01   8.1550940e-01
   6.2109375e-01   8.1324246e-01
   6.2500000e-01   8.1096312e-01
   6.2890625e-01   8.0867140e-01
   6.3281250e-01   8.0636735e-01
   6.3671875e-01   8.0405098e-01
   6.4062500e-01   8.0172235e-01
   6.4453125e-01   7.9938149e-01
   6.4843750e-01   7.9702843e-01
   6.5234375e-01   7.9466321e-01
   6.5625000e-01   7.9228586e-01
   6.6015625e-01   7.8989642e-01
   6.6406250e-01   7.8749493e-01
   6.6796875e-01   7.8508143e-01
   6.7187500e-01   7.8265594e-01
   6.7578125e-01   7.8021851e-01
   6.7968750e-01   7.7776918e-01
   6.8359375e-01   7.7530798e-01
   6.8750000e-01   7.7283495e-01
   6.9140625e-01   7.7035012e-01
   6.9531250e-01   7.6785354e-01
   6.9921875e-01   7.6534525e-01
   7.0312500e-01   7.6282528e-01
   7.0703125e-01   7.6029366e-01
   7.1093750e-01   7.5775045e-01
   7.1484375e-01   7.5519567e-01
   7.1875000e-01   7.5262937e-01
   7.2265625e-01   7.5005159e-01
   7.2656250e-01   7.4746236e-01
   7.3046875e-01   7.4486173e-01
   7.3437500e-01   7.4224973e-01
   7.3828125e-01   7.3962640e-01
   7.4218750e-01   7.3699179e-01
   7.4609375e-01   7.3434593e-01
   7.5000000e-01   7.3168887e-01
   7.5390625e-01   7.2902064e-01
   7.5781250e-01   7.2634129e-01
   7.6171875e-01   7.2365086e-01
   7.6562500e-01   7.2094938e-01
   7.6953125e-01   7.1823690e-01
   7.7343750e-01   7.1551347e-01
   7.7734375e-01   7.1277911e-01
   7.8125000e-01   7.1003388e-01
   7.8515625e-01   7.0727782e-01
   7.8906250e-01   7.0451096e-01
   7.9296875e-01   7.0173336e-01
   7.9687500e-01   6.9894504e-01
   8.0078125e-01   6.9614606e-01
   8.0468750e-01   6.9333646e-01
   8.0859375e-01   6.9051628e-01
   8.1250000e-01   6.8768556e-01
   8.1640625e-01   6.8484435e-01
   8.2031250e-01   6.8199269e-01
   8.2421875e-01   6.7913062e-01
   8.2812500e-01   6.7625819e-01
   8.3203125e-01   6.7337545e-01
   8.3593750e-01   6.7048242e-01
   8.3984375e-01   6.6757917e-01
   8.4375000e-01   6.6466573e-01
   8.4765625e-01   6.6174215e-01
   8.5156250e-01   6.5880847e-01
   8.5546875e-01   6.5586473e-01
   8.5937500e-01   6.5291099e-01
   8.6328125e-01   6.4994729e-01
   8.6718750e-01   6.4697367e-01
   8.7109375e-01   6.4399018e-01
   8.7500000e-01   6.4099686e-01
   8.7890625e-01   6.3799376e-01
   8.8281250e-01   6.3498092e-01
   8.8671875e-01   6.3195840e-01
   8.9062500e-01   6.2892623e-01
   8.9453125e-01   6.2588447e-01
   8.9843750e-01   6.2283316e-01
   9.0234375e-01   6.1977234e-01
   9.0625000e-01   6.1670207e-01
   9.1015625e-01   6.1362238e-01
   9.1406250e-01   6.1053333e-01
   9.1796875e-01   6.0743497e-01
   9.2187500e-01   6.0432734e-01
   9.2578125e-01   6.0121049e-01
   9.2968750e-01   5.9808446e-01
   9.3359375e-01   5.9494931e-01
   9.3750000e-01   5.9180508e-01
   9.4140625e-01   5.8865181e-01
   9.4531250e-01   5.8548957e-01
   9.4921875e-01   5.8231839e-01
   9.5312500e-01   5.7913833e-01
   9.5703125e-01   5.7594943e-01
   9.6093750e-01   5.7275174e-01
   9.6484375e-01   5.6954531e-01
   9.6875000e-01   5.6633020e-01
   9.7265625e-01   5.6310644e-01
   9.7656250e-01   5.5987408e-01
   9.8046875e-01   5.5663319e-01
   9.8437500e-01   5.5338380e-01
   9.8828125e-01   5.5012597e-01
   9.9218750e-01   5.4685974e-01
   9.9609375e-01   5.4358517e-01
   1.0000000e+00   5.4030231e-01
   1.0039063e+00   5.3701120e-01
   1.0078125e+00   5.3371189e-01
   1.0117188e+00   5.3040444e-01
   1.0156250e+00   5.2708890e-01
   1.0195313e+00   5.2376532e-01
   1.0234375e+00   5.2043374e-01
   1.0273438e+00   5.1709423e-01
   1.0312500e+00   5.1374682e-01
   1.0351563e+00   5.1039157e-01
   1.0390625e+00   5.0702854e-01
   1.0429688e+00   5.0365777e-01
   1.0468750e+00   5.0027931e-01
   1.0507813e+00   4.9689322e-01
   1.0546875e+00   4.9349955e-01
   1.0585938e+00   4.9009835e-01
   1.0625000e+00   4.8668967e-01
   1.0664063e+00   4.8327356e-01
   1.0703125e+00   4.7985008e-01
   1.0742188e+00   4.7641928e-01
   1.0781250e+00   4.7298121e-01
   1.0820313e+00   4.6953592e-01
   1.0859375e+00   4.6608346e-01
   1.0898438e+00   4.6262390e-01
   1.0937500e+00   4.5915727e-01
   1.0976563e+00   4.5568364e-01
   1.1015625e+00   4.5220306e-01
   1.1054688e+00   4.4871557e-01
   1.1093750e+00   4.4522124e-01
   1.1132813e+00   4.4172012e-01
   1.1171875e+00   4.3821225e-01
   1.1210938e+00   4.3469770e-01
   1.1250000e+00   4.3117652e-01
   1.1289063e+00   4.2764875e-01
   1.1328125e+00   4.2411446e-01
   1.1367188e+00   4.2057370e-01
   1.1406250e+00   4.1702653e-01
   1.1445313e+00   4.1347299e-01
   1.1484375e+00   4.0991314e-01
   1.1523438e+00   4.0634703e-01
   1.1562500e+00   4.0277473e-01
   1.1601563e+00   3.9919627e-01
   1.1640625e+00   3.9561173e-01
   1.1679688e+00   3.9202115e-01
   1.1718750e+00   3.8842459e-01
   1.1757813e+00   3.8482210e-01
   1.1796875e+00   3.8121375e-01
   1.1835938e+00   3.7759957e-01
   1.1875000e+00   3.7397963e-01
   1.1914063e+00   3.7035399e-01
   1.1953125e+00   3.6672269e-01
   1.1992188e+00   3.6308580e-01
   1.2031250e+00   3.5944337e-01
   1.2070313e+00   3.5579545e-01
   1.2109375e+00   3.5214211e-01
   1.2148438e+00   3.4848339e-01
   1.2187500e+00   3.4481935e-01
   1.2226563e+00   3.4115005e-01
   1.2265625e+00   3.3747555e-01
   1.2304688e+00   3.3379590e-01
   1.2343750e+00   3.3011115e-01
   1.2382813e+00   3.2642137e-01
   1.2421875e+00   3.2272661e-01
   1.2460938e+00   3.1902692e-01
   1.2500000e+00   3.1532236e-01
   1.2539063e+00   3.1161299e-01
   1.2578125e+00   3.0789887e-01
   1.2617188e+00   3.0418005e-01
   1.2656250e+00   3.0045659e-01
   1.2695313e+00   2.9672854e-01
   1.2734375e+00   2.9299597e-01
   1.2773438e+00   2.8925892e-01
   1.2812500e+00   2.8551747e-01
   1.2851563e+00   2.8177165e-01
   1.2890625e+00   2.7802154e-01
   1.2929688e+00   2.7426718e-01
   1.2968750e+00   2.7050864e-01
   1.3007813e+00   2.6674597e-01
   1.3046875e+00   2.6297923e-01
   1.3085938e+00   2.5920847e-01
   1.3125000e+00   2.5543377e-01
   1.3164063e+00   2.5165516e-01
   1.3203125e+00   2.4787272e-01
   1.3242188e+00   2.4408649e-01
   1.3281250e+00   2.4029654e-01
   1.3320313e+00   2.3650292e-01
   1.3359375e+00   2.3270569e-01
   1.3398438e+00   2.2890491e-01
   1.3437500e+00   2.2510064e-01
   1.3476563e+00   2.2129294e-01
   1.3515625e+00   2.1748185e-01
   1.3554688e+00   2.1366745e-01
   1.3593750e+00   2.0984979e-01
   1.3632813e+00   2.0602893e-01
   1.3671875e+00   2.0220492e-01
   1.3710938e+00   1.9837783e-01
   1.3750000e+00   1.9454771e-01
   1.3789063e+00   1.9071462e-01
   1.3828125e+00   1.8687862e-01
   1.3867188e+00   1.8303977e-01
   1.3906250e+00   1.7919813e-01
   1.3945313e+00   1.7535375e-01
   1.3984375e+00   1.7150670e-01
   1.4023438e+00   1.6765703e-01
   1.4062500e+00   1.6380480e-01
   1.4101563e+00   1.5995008e-01
   1.4140625e+00   1.5609291e-01
   1.4179688e+00   1.5223336e-01
   1.4218750e+00   1.4837148e-01
   1.4257813e+00   1.4450735e-01
   1.4296875e+00   1.4064101e-01
   1.4335938e+00   1.3677252e-01
   1.4375000e+00   1.3290194e-01
   1.4414063e+00   1.2902934e-01
   1.4453125e+00   1.2515477e-01
   1.4492188e+00   1.2127829e-01
   1.4531250e+00   1.1739996e-01
   1.4570313e+00   1.1351983e-01
   1.4609375e+00   1.0963798e-01
   1.4648438e+00   1.0575445e-01
   1.4687500e+00   1.0186931e-01
   1.4726563e+00   9.7982614e-02
   1.4765625e+00   9.4094422e-02
   1.4804688e+00   9.0204795e-02
   1.4843750e+00   8.6313792e-02
   1.4882813e+00   8.2421471e-02
   1.4921875e+00   7.8527893e-02
   1.4960938e+00   7.4633117e-02
   1.5000000e+00   7.0737202e-02
   1.5039063e+00   6.6840207e-02
   1.5078125e+00   6.2942193e-02
   1.5117188e+00   5.9043218e-02
   1.5156250e+00   5.5143342e-02
   1.5195313e+00   5.1242625e-02
   1.5234375e+00   4.7341126e-02
   1.5273438e+00   4.3438904e-02
   1.5312500e+00   3.9536020e-02
   1.5351563e+00   3.5632532e-02
   1.5390625e+00   3.1728501e-02
   1.5429688e+00   2.7823985e-02
   1.5468750e+00   2.3919045e-02
   1.5507813e+00   2.0013740e-02
   1.5546875e+00   1.6108130e-02
   1.5585938e+00   1.2202274e-02
   1.5625000e+00   8.2962316e-03
   1.5664063e+00   4.3900627e-03
   1.5703125e+00   4.8382678e-04
   1.5742188e+00  -3.4224165e-03
   1.5781250e+00  -7.3286076e-03
   1.5820313e+00  -1.1234687e-02
   1.5859375e+00  -1.5140595e-02
   1.5898438e+00  -1.9046271e-02
   1.5937500e+00  -2.2951658e-02
   1.5976563e+00  -2.6856694e-02
   1.6015625e+00  -3.0761320e-02
   1.6054688e+00  -3.4665477e-02
   1.6093750e+00  -3.8569104e-02
   1.6132813e+00  -4.2472144e-02
   1.6171875e+00  -4.6374535e-02
   1.6210938e+00  -5.0276219e-02
   1.6250000e+00  -5.4177135e-02
   1.6289063e+00  -5.8077225e-02
   1.6328125e+00  -6.1976428e-02
   1.6367188e+00  -6.5874686e-02
   1.6406250e+00  -6.9771939e-02
   1.6445313e+00  -7.3668127e-02
   1.6484375e+00  -7.7563191e-02
   1.6523438e+00  -8.1457072e-02
   1.6562500e+00  -8.5349709e-02
   1.6601563e+00  -8.9241045e-02
   1.6640625e+00  -9.3131018e-02
   1.6679688e+00  -9.7019571e-02
   1.6718750e+00  -1.0090664e-01
   1.6757813e+00  -1.0479218e-01
   1.6796875e+00  -1.0867611e-01
   1.6835938e+00  -1.1255838e-01
   1.6875000e+00  -1.1643894e-01
   1.6914063e+00  -1.2031772e-01
   1.6953125e+00  -1.2419467e-01
   1.6992188e+00  -1.2806972e-01
   1.7031250e+00  -1.3194281e-01
   1.7070313e+00  -1.3581390e-01
   1.7109375e+00  -1.3968291e-01
   1.7148438e+00  -1.4354978e-01
   1.7187500e+00  -1.4741447e-01
   1.7226563e+00  -1.5127691e-01
   1.7265625e+00  -1.5513704e-01
   1.7304688e+00  -1.5899481e-01
   1.7343750e+00  -1.6285014e-01
   1.7382813e+00  -1.6670300e-01
   1.7421875e+00  -1.7055330e-01
   1.7460938e+00  -1.7440101e-01
   1.7500000e+00  -1.7824606e-01
   1.7539063e+00  -1.8208838e-01
   1.7578125e+00  -1.8592793e-01
   1.7617188e+00  -1.8976464e-01
   1.7656250e+00  -1.9359845e-01
   1.7695313e+00  -1.9742931e-01
   1.7734375e+00  -2.0125716e-01
   1.7773438e+00  -2.0508194e-01
   1.7812500e+00  -2.0890358e-01
   1.7851563e+00  -2.1272204e-01
   1.7890625e+00  -2.1653726e-01
   1.7929688e+00  -2.2034917e-01
   1.7968750e+00  -2.2415772e-01
   1.8007813e+00  -2.2796284e-01
   1.8046875e+00  -2.3176449e-01
   1.8085938e+00  -2.3556261e-01
   1.8125000e+00  -2.3935712e-01
   1.8164063e+00  -2.4314799e-01
   1.8203125e+00  -2.4693514e-01
   1.8242188e+00  -2.5071853e-01
   1.8281250e+00  -2.5449809e-01
   1.8320313e+00  -2.5827377e-01
   1.8359375e+00  -2.6204551e-01
   1.8398438e+00  -2.6581325e-01
   1.8437500e+00  -2.6957693e-01
   1.8476563e+00  -2.7333650e-01
   1.8515625e+00  -2.7709190e-01
   1.8554688e+00  -2.8084307e-01
   1.8593750e+00  -2.8458996e-01
   1.8632813e+00  -2.8833250e-01
   1.8671875e+00  -2.9207065e-01
   1.8710938e+00  -2.9580433e-01
   1.8750000e+00  -2.9953351e-01
   1.8789063e+00  -3.0325811e-01
   1.8828125e+00  -3.0697808e-01
   1.8867188e+00  -3.1069338e-01
   1.8906250e+00  -3.1440393e-01
   1.8945313e+00  -3.1810968e-01
   1.8984375e+00  -3.2181058e-01
   1.9023438e+00  -3.2550657e-01
   1.9062500e+00  -3.2919759e-01
   1.9101563e+00  -3.3288359e-01
   1.9140625e+00  -3.3656451e-01
   1.9179688e+00  -3.4024029e-01
   1.9218750e+00  -3.4391088e-01
   1.9257813e+00  -3.4757623e-01
   1.9296875e+00  -3.5123627e-01
   1.9335938e+00  -3.5489095e-01
   1.9375000e+00  -3.5854022e-01
   1.9414063e+00  -3.6218401e-01
   1.9453125e+00  -3.6582228e-01
   1.9492188e+00  -3.6945497e-01
   1.9531250e+00  -3.7308202e-01
   1.9570313e+00  -3.7670337e-01
   1.9609375e+00  -3.8031898e-01
   1.9648438e+00  -3.8392879e-01
   1.9687500e+00  -3.8753274e-01
   1.9726563e+00  -3.9113077e-01
   1.9765625e+00  -3.9472284e-01
   1.9804688e+00  -3.9830888e-01
   1.9843750e+00  -4.0188884e-01
   1.9882813e+00  -4.0546268e-01
   1.9921875e+00  -4.0903032e-01
   1.9960938e+00  -4.1259173e-01
   2.0000000e+00  -4.1614684e-01
   2.0039063e+00  -4.1969560e-01
   2.0078125e+00  -4.2323795e-01
   2.0117188e+00  -4.2677385e-01
   2.0156250e+00  -4.3030323e-01
   2.0195313e+00  -4.3382605e-01
   2.0234375e+00  -4.3734225e-01
   2.0273438e+00  -4.4085178e-01
   2.0312500e+00  -4.4435458e-01
   2.0351563e+00  -4.4785060e-01
   2.0390625e+00  -4.5133978e-01
   2.0429688e+00  -4.5482208e-01
   2.0468750e+00  -4.5829744e-01
   2.0507813e+00  -4.6176580e-01
   2.0546875e+00  -4.6522712e-01
   2.0585938e+00  -4.6868134e-01
   2.0625000e+00  -4.7212841e-01
   2.0664063e+00  -4.7556828e-01
   2.0703125e+00  -4.7900088e-01
   2.0742188e+00  -4.8242618e-01
   2.0781250e+00  -4.8584412e-01
   2.0820313e+00  -4.8925465e-01
   2.0859375e+00  -4.9265771e-01
   2.0898438e+00  -4.9605325e-01
   2.0937500e+00  -4.9944122e-01
   2.0976563e+00  -5.0282157e-01
   2.1015625e+00  -5.0619425e-01
   2.1054688e+00  -5.0955921e-01
   2.1093750e+00  -5.1291639e-01
   2.1132813e+00  -5.1626574e-01
   2.1171875e+00  -5.1960722e-01
   2.1210938e+00  -5.2294077e-01
   2.1250000e+00  -5.2626633e-01
   2.1289063e+00  -5.2958387e-01
   2.1328125e+00  -5.3289333e-01
   2.1367188e+00  -5.3619466e-01
   2.1406250e+00  -5.3948780e-01
   2.1445313e+00  -5.4277271e-01
   2.1484375e+00  -5.4604934e-01
   2.1523438e+00  -5.4931764e-01
   2.1562500e+00  -5.5257756e-01
   2.1601563e+00  -5.5582904e-01
   2.1640625e+00  -5.5907205e-01
   2.1679688e+00  -5.6230652e-01
   2.1718750e+00  -5.6553241e-01
   2.1757813e+00  -5.6874968e-01
   2.1796875e+00  -5.7195826e-01
   2.1835938e+00  -5.7515812e-01
   2.1875000e+00  -5.7834920e-01
   2.1914063e+00  -5.8153146e-01
   2.1953125e+00  -5.8470484e-01
   2.1992188e+00  -5.8786930e-01
   2.2031250e+00  -5.9102479e-01
   2.2070313e+00  -5.9417126e-01
   2.2109375e+00  -5.9730867e-01
   2.2148438e+00  -6.0043696e-01
   2.2187500e+00  -6.0355609e-01
   2.2226563e+00  -6.0666601e-01
   2.2265625e+00  -6.0976668e-01
   2.2304688e+00  -6.1285804e-01
   2.2343750e+00  -6.1594004e-01
   2.2382813e+00  -6.1901265e-01
   2.2421875e+00  -6.2207582e-01
   2.2460938e+00  -6.2512949e-01
   2.2500000e+00  -6.2817362e-01
   2.2539063e+00  -6.3120817e-01
   2.2578125e+00  -6.3423309e-01
   2.2617188e+00  -6.3724833e-01
   2.2656250e+00  -6.4025384e-01
   2.2695313e+00  -6.4324959e-01
   2.2734375e+00  -6.4623552e-01
   2.2773438e+00  -6.4921159e-01
   2.2812500e+00  -6.5217775e-01
   2.2851563e+00  -6.5513396e-01
   2.2890625e+00  -6.5808018e-01
   2.2929688e+00  -6.6101635e-01
   2.2968750e+00  -6.6394244e-01
   2.3007813e+00  -6.6685840e-01
   2.3046875e+00  -6.6976418e-01
   2.3085938e+00  -6.7265974e-01
   2.3125000e+00  -6.7554504e-01
   2.3164063e+00  -6.7842003e-01
   2.3203125e+00  -6.8128467e-01
   2.3242188e+00  -6.8413891e-01
   2.3281250e+00  -6.8698272e-01
   2.3320313e+00  -6.8981604e-01
   2.3359375e+00  -6.9263883e-01
   2.3398438e+00  -6.9545106e-01
   2.3437500e+00  -6.9825267e-01
   2.3476563e+00  -7.0104363e-01
   2.3515625e+00  -7.0382390e-01
   2.3554688e+00  -7.0659342e-01
   2.3593750e+00  -7.0935216e-01
   2.3632813e+00  -7.1210008e-01
   2.3671875e+00  -7.1483713e-01
   2.3710938e+00  -7.1756328e-01
   2.3750000e+00  -7.2027847e-01
   2.3789063e+00  -7.2298268e-01
   2.3828125e+00  -7.2567585e-01
   2.3867188e+00  -7.2835795e-01
   2.3906250e+00  -7.3102894e-01
   2.3945313e+00  -7.3368877e-01
   2.3984375e+00  -7.3633740e-01
   2.4023438e+00  -7.3897481e-01
   2.4062500e+00  -7.4160093e-01
   2.4101563e+00  -7.4421574e-01
   2.4140625e+00  -7.4681919e-01
   2.4179688e+00  -7.4941125e-01
   2.4218750e+00  -7.5199187e-01
   2.4257813e+00  -7.5456102e-01
   2.4296875e+00  -7.5711866e-01
   2.4335938e+00  -7.5966474e-01
   2.4375000e+00  -7.6219923e-01
   2.4414063e+00  -7.6472209e-01
   2.4453125e+00  -7.6723328e-01
   2.4492188e+00  -7.6973277e-01
   2.4531250e+00  -7.7222050e-01
   2.4570313e+00  -7.7469646e-01
   2.4609375e+00  -7.7716060e-01
   2.4648438e+00  -7.7961287e-01
   2.4687500e+00  -7.8205325e-01
   2.4726563e+00  -7.8448170e-01
   2.4765625e+00  -7.8689818e-01
   2.4804688e+00  -7.8930265e-01
   2.4843750e+00  -7.9169507e-01
   2.4882813e+00  -7.9407542e-01
   2.4921875e+00  -7.9644365e-01
   2.4960938e+00  -7.9879973e-01
   2.5000000e+00  -8.0114362e-01
   2.5039063e+00  -8.0347528e-01
   2.5078125e+00  -8.0579468e-01
   2.5117188e+00  -8.0810179e-01
   2.5156250e+00  -8.1039657e-01
   2.5195313e+00  -8.1267898e-01
   2.5234375e+00  -8.1494899e-01
   2.5273438e+00  -8.1720657e-01
   2.5312500e+00  -8.1945167e-01
   2.5351563e+00  -8.2168428e-01
   2.5390625e+00  -8.2390434e-01
   2.5429688e+00  -8.2611184e-01
   2.5468750e+00  -8.2830672e-01
   2.5507813e+00  -8.3048897e-01
   2.5546875e+00  -8.3265855e-01
   2.5585938e+00  -8.3481542e-01
   2.5625000e+00  -8.3695955e-01
   2.5664063e+00  -8.3909092e-01
   2.5703125e+00  -8.4120947e-01
   2.5742188e+00  -8.4331520e-01
   2.5781250e+00  -8.4540805e-01
   2.5820313e+00  -8.4748801e-01
   2.5859375e+00  -8.4955503e-01
   2.5898438e+00  -8.5160909e-01
   2.5937500e+00  -8.5365015e-01
   2.5976563e+00  -8.5567819e-01
   2.6015625e+00  -8.5769318e-01
   2.6054688e+00  -8.5969507e-01
   2.6093750e+00  -8.6168385e-01
   2.6132813e+00  -8.6365948e-01
   2.6171875e+00  -8.6562193e-01
   2.6210938e+00  -8.6757118e-01
   2.6250000e+00  -8.6950718e-01
   2.6289063e+00  -8.7142992e-01
   2.6328125e+00  -8.7333936e-01
   2.6367188e+00  -8.7523547e-01
   2.6406250e+00  -8.7711823e-01
   2.6445313e+00  -8.7898761e-01
   2.6484375e+00  -8.8084357e-01
   2.6523438e+00  -8.8268610e-01
   2.6562500e+00  -8.8451515e-01
   2.6601563e+00  -8.8633071e-01
   2.6640625e+00  -8.8813274e-01
   2.6679688e+00  -8.8992122e-01
   2.6718750e+00  -8.9169612e-01
   2.6757813e+00  -8.9345742e-01
   2.6796875e+00  -8.9520508e-01
   2.6835938e+00  -8.9693909e-01
   2.6875000e+00  -8.9865940e-01
   2.6914063e+00  -9.0036601e-01
   2.6953125e+00  -9.0205887e-01
   2.6992188e+00  -9.0373798e-01
   2.7031250e+00  -9.0540329e-01
   2.7070313e+00  -9.0705478e-01
   2.7109375e+00  -9.0869244e-01
   2.7148438e+00  -9.1031623e-01
   2.7187500e+00  -9.1192613e-01
   2.7226563e+00  -9.1352212e-01
   2.7265625e+00  -9.1510416e-01
   2.7304688e+00  -9.1667225e-01
   2.7343750e+00  -9.1822634e-01
   2.7382813e+00  -9.1976643e-01
   2.7421875e+00  -9.2129248e-01
   2.7460938e+00  -9.2280447e-01
   2.7500000e+00  -9.2430238e-01
   2.7539063e+00  -9.2578619e-01
   2.7578125e+00  -9.2725587e-01
   2.7617188e+00  -9.2871140e-01
   2.7656250e+00  -9.3015276e-01
   2.7695313e+00  -9.3157993e-01
   2.7734375e+00  -9.3299288e-01
   2.7773438e+00  -9.3439160e-01
   2.7812500e+00  -9.3577606e-01
   2.7851563e+00  -9.3714624e-01
   2.7890625e+00  -9.3850212e-01
   2.7929688e+00  -9.3984368e-01
   2.7968750e+00  -9.4117090e-01
   2.8007813e+00  -9.4248376e-01
   2.8046875e+00  -9.4378224e-01
   2.8085938e+00  -9.4506632e-01
   2.8125000e+00  -9.4633597e-01
   2.8164063e+00  -9.4759119e-01
   2.8203125e+00  -9.4883195e-01
   2.8242188e+00  -9.5005823e-01
   2.8281250e+00  -9.5127001e-01
   2.8320313e+00  -9.5246728e-01
   2.8359375e+00  -9.5365001e-01
   2.8398438e+00  -9.5481819e-01
   2.8437500e+00  -9.5597180e-01
   2.8476563e+00  -9.5711083e-01
   2.8515625e+00  -9.5823525e-01
   2.8554688e+00  -9.5934505e-01
   2.8593750e+00  -9.6044021e-01
   2.8632813e+00  -9.6152072e-01
   2.8671875e+00  -9.6258656e-01
   2.8710938e+00  -9.6363770e-01
   2.8750000e+00  -9.6467415e-01
   2.8789063e+00  -9.6569587e-01
   2.8828125e+00  -9.6670286e-01
   2.8867188e+00  -9.6769510e-01
   2.8906250e+00  -9.6867257e-01
   2.8945313e+00  -9.6963526e-01
   2.8984375e+00  -9.7058315e-01
   2.9023438e+00  -9.7151624e-01
   2.9062500e+00  -9.7243450e-01
   2.9101563e+00  -9.7333792e-01
   2.9140625e+00  -9.7422649e-01
   2.9179688e+00  -9.7510020e-01
   2.9218750e+00  -9.7595903e-01
   2.9257813e+00  -9.7680296e-01
   2.9296875e+00  -9.7763199e-01
   2.9335938e+00  -9.7844610e-01
   2.9375000e+00  -9.7924529e-01
   2.9414063e+00  -9.8002953e-01
   2.9453125e+00  -9.8079881e-01
   2.9492188e+00  -9.8155314e-01
   2.9531250e+00  -9.8229248e-01
   2.9570313e+00  -9.8301683e-01
   2.9609375e+00  -9.8372619e-01
   2.9648438e+00  -9.8442053e-01
   2.9687500e+00  -9.8509986e-01
   2.9726563e+00  -9.8576415e-01
   2.9765625e+00  -9.8641340e-01
   2.9804688e+00  -9.8704760e-01
   2.9843750e+00  -9.8766674e-01
   2.9882813e+00  -9.8827081e-01
   2.9921875e+00  -9.8885980e-01
   2.9960938e+00  -9.8943369e-01
   3.0000000e+00  -9.8999250e-01
   3.0039063e+00  -9.9053619e-01
   3.0078125e+00  -9.9106477e-01
   3.0117188e+00  -9.9157823e-01
   3.0156250e+00  -9.9207656e-01
   3.0195313e+00  -9.9255975e-01
   3.0234375e+00  -9.9302780e-01
   3.0273438e+00  -9.9348069e-01
   3.0312500e+00  -9.9391842e-01
   3.0351563e+00  -9.9434099e-01
   3.0390625e+00  -9.9474839e-01
   3.0429688e+00  -9.9514060e-01
   3.0468750e+00  -9.9551764e-01
   3.0507813e+00  -9.9587948e-01
   3.0546875e+00  -9.9622612e-01
   3.0585938e+00  -9.9655757e-01
   3.0625000e+00  -9.9687381e-01
   3.0664063e+00  -9.9717483e-01
   3.0703125e+00  -9.9746065e-01
   3.0742188e+00  -9.9773124e-01
   3.0781250e+00  -9.9798660e-01
   3.0820313e+00  -9.9822674e-01
   3.0859375e+00  -9.9845165e-01
   3.0898438e+00  -9.9866132e-01
   3.0937500e+00  -9.9885576e-01
   3.0976563e+00  -9.9903495e-01
   3.1015625e+00  -9.9919890e-01
   3.1054688e+00  -9.9934760e-01
   3.1093750e+00  -9.9948106e-01
   3.1132813e+00  -9.9959926e-01
   3.1171875e+00  -9.9970221e-01
   3.1210938e+00  -9.9978990e-01
   3.1250000e+00  -9.9986235e-01
   3.1289063e+00  -9.9991953e-01
   3.1328125e+00  -9.9996145e-01
   3.1367188e+00  -9.9998812e-01
   3.1406250e+00  -9.9999953e-01
   3.1445313e+00  -9.9999568e-01
   3.1484375e+00  -9.9997657e-01
   3.1523438e+00  -9.9994221e-01
   3.1562500e+00  -9.9989258e-01
   3.1601563e+00  -9.9982770e-01
   3.1640625e+00  -9.9974756e-01
   3.1679688e+00  -9.9965217e-01
   3.1718750e+00  -9.9954152e-01
   3.1757813e+00  -9.9941563e-01
   3.1796875e+00  -9.9927448e-01
   3.1835938e+00  -9.9911808e-01
   3.1875000e+00  -9.9894644e-01
   3.1914063e+00  -9.9875956e-01
   3.1953125e+00  -9.9855744e-01
   3.1992188e+00  -9.9834008e-01
   3.2031250e+00  -9.9810748e-01
   3.2070313e+00  -9.9785966e-01
   3.2109375e+00  -9.9759661e-01
   3.2148438e+00  -9.9731834e-01
   3.2187500e+00  -9.9702485e-01
   3.2226563e+00  -9.9671615e-01
   3.2265625e+00  -9.9639223e-01
   3.2304688e+00  -9.9605312e-01
   3.2343750e+00  -9.9569881e-01
   3.2382813e+00  -9.9532930e-01
   3.2421875e+00  -9.9494460e-01
   3.2460938e+00  -9.9454473e-01
   3.2500000e+00  -9.9412968e-01
   3.2539063e+00  -9.9369946e-01
   3.2578125e+00  -9.9325407e-01
   3.2617188e+00  -9.9279353e-01
   3.2656250e+00  -9.9231784e-01
   3.2695313e+00  -9.9182702e-01
   3.2734375e+00  -9.9132105e-01
   3.2773438e+00  -9.9079996e-01
   3.2812500e+00  -9.9026375e-01
   3.2851563e+00  -9.8971243e-01
   3.2890625e+00  -9.8914601e-01
   3.2929688e+00  -9.8856450e-01
   3.2968750e+00  -9.8796790e-01
   3.3007813e+00  -9.8735623e-01
   3.3046875e+00  -9.8672949e-01
   3.3085938e+00  -9.8608770e-01
   3.3125000e+00  -9.8543085e-01
   3.3164063e+00  -9.8475898e-01
   3.3203125e+00  -9.8407207e-01
   3.3242188e+00  -9.8337015e-01
   3.3281250e+00  -9.8265323e-01
   3.3320313e+00  -9.8192131e-01
   3.3359375e+00  -9.8117441e-01
   3.3398438e+00  -9.8041253e-01
   3.3437500e+00  -9.7963570e-01
   3.3476563e+00  -9.7884392e-01
   3.3515625e+00  -9.7803720e-01
   3.3554688e+00  -9.7721556e-01
   3.3593750e+00  -9.7637901e-01
   3.3632813e+00  -9.7552756e-01
   3.3671875e+00  -9.7466122e-01
   3.3710938e+00  -9.7378001e-01
   3.3750000e+00  -9.7288395e-01
   3.3789063e+00  -9.7197303e-01
   3.3828125e+00  -9.7104729e-01
   3.3867188e+00  -9.7010673e-01
   3.3906250e+00  -9.6915137e-01
   3.3945313e+00  -9.6818122e-01
   3.3984375e+00  -9.6719630e-01
   3.4023438e+00  -9.6619661e-01
   3.4062500e+00  -9.6518219e-01
   3.4101563e+00  -9.6415304e-01
   3.4140625e+00  -9.6310917e-01
   3.4179688e+00  -9.6205061e-01
   3.4218750e+00  -9.6097737e-01
   3.4257813e+00  -9.5988947e-01
   3.4296875e+00  -9.5878692e-01
   3.4335938e+00  -9.5766974e-01
   3.4375000e+00  -9.5653795e-01
   3.4414063e+00  -9.5539156e-01
   3.4453125e+00  -9.5423059e-01
   3.4492188e+00  -9.5305507e-01
   3.4531250e+00  -9.5186500e-01
   3.4570313e+00  -9.5066040e-01
   3.4609375e+00  -9.4944130e-01
   3.4648438e+00  -9.4820772e-01
   3.4687500e+00  -9.4695966e-01
   3.4726563e+00  -9.4569716e-01
   3.4765625e+00  -9.4442022e-01
   3.4804688e+00  -9.4312888e-01
   3.4843750e+00  -9.4182314e-01
   3.4882813e+00  -9.4050303e-01
   3.4921875e+00  -9.3916858e-01
   3.4960938e+00  -9.3781979e-01
   3.5000000e+00  -9.3645669e-01
   3.5039063e+00  -9.3507930e-01
   3.5078125e+00  -9.3368764e-01
   3.5117188e+00  -9.3228174e-01
   3.5156250e+00  -9.3086161e-01
   3.5195313e+00  -9.2942728e-01
   3.5234375e+00  -9.2797876e-01
   3.5273438e+00  -9.2651609e-01
   3.5312500e+00  -9.2503928e-01
   3.5351563e+00  -9.2354835e-01
   3.5390625e+00  -9.2204333e-01
   3.5429688e+00  -9.2052424e-01
   3.5468750e+00  -9.1899111e-01
   3.5507813e+00  -9.1744395e-01
   3.5546875e+00  -9.1588280e-01
   3.5585938e+00  -9.1430767e-01
   3.5625000e+00  -9.1271858e-01
   3.5664063e+00  -9.1111558e-01
   3.5703125e+00  -9.0949866e-01
   3.5742188e+00  -9.0786787e-01
   3.5781250e+00  -9.0622323e-01
   3.5820313e+00  -9.0456476e-01
   3.5859375e+00  -9.0289249e-01
   3.5898438e+00  -9.0120644e-01
   3.5937500e+00  -8.9950664e-01
   3.5976563e+00  -8.9779311e-01
   3.6015625e+00  -8.9606588e-01
   3.6054688e+00  -8.9432498e-01
   3.6093750e+00  -8.9257044e-01
   3.6132813e+00  -8.9080228e-01
   3.6171875e+00  -8.8902052e-01
   3.6210938e+00  -8.8722520e-01
   3.6250000e+00  -8.8541634e-01
   3.6289063e+00  -8.8359396e-01
   3.6328125e+00  -8.8175811e-01
   3.6367188e+00  -8.7990880e-01
   3.6406250e+00  -8.7804607e-01
   3.6445313e+00  -8.7616994e-01
   3.6484375e+00  -8.7428044e-01
   3.6523438e+00  -8.7237759e-01
   3.6562500e+00  -8.7046144e-01
   3.6601563e+00  -8.6853200e-01
   3.6640625e+00  -8.6658932e-01
   3.6679688e+00  -8.6463341e-01
   3.6718750e+00  -8.6266430e-01
   3.6757813e+00  -8.6068203e-01
   3.6796875e+00  -8.5868663e-01
   3.6835938e+00  -8.5667813e-01
   3.6875000e+00  -8.5465655e-01
   3.6914063e+00  -8.5262194e-01
   3.6953125e+00  -8.5057431e-01
   3.6992188e+00  -8.4851371e-01
   3.7031250e+00  -8.4644016e-01
   3.7070313e+00  -8.4435369e-01
   3.7109375e+00  -8.4225434e-01
   3.7148438e+00  -8.4014213e-01
   3.7187500e+00  -8.3801711e-01
   3.7226563e+00  -8.3587930e-01
   3.7265625e+00  -8.3372874e-01
   3.7304688e+00  -8.3156545e-01
   3.7343750e+00  -8.2938948e-01
   3.7382813e+00  -8.2720085e-01
   3.7421875e+00  -8.2499959e-01
   3.7460938e+00  -8.2278575e-01
   3.7500000e+00  -8.2055936e-01
   3.7539063e+00  -8.1832044e-01
   3.7578125e+00  -8.1606904e-01
   3.7617188e+00  -8.1380518e-01
   3.7656250e+00  -8.1152891e-01
   3.7695313e+00  -8.0924026e-01
   3.7734375e+00  -8.0693925e-01
   3.7773438e+00  -8.0462594e-01
   3.7812500e+00  -8.0230034e-01
   3.7851563e+00  -7.9996251e-01
   3.7890625e+00  -7.9761246e-01
   3.7929688e+00  -7.9525025e-01
   3.7968750e+00  -7.9287590e-01
   3.8007813e+00  -7.9048946e-01
   3.8046875e+00  -7.8809095e-01
   3.8085938e+00  -7.8568042e-01
   3.8125000e+00  -7.8325789e-01
   3.8164063e+00  -7.8082342e-01
   3.8203125e+00  -7.7837703e-01
   3.8242188e+00  -7.7591877e-01
   3.8281250e+00  -7.7344866e-01
   3.8320313e+00  -7.7096676e-01
   3.8359375e+00  -7.6847309e-01
   3.8398438e+00  -7.6596769e-01
   3.8437500e+00  -7.6345061e-01
   3.8476563e+00  -7.6092187e-01
   3.8515625e+00  -7.5838153e-01
   3.8554688e+00  -7.5582961e-01
   3.8593750e+00  -7.5326617e-01
   3.8632813e+00  -7.5069122e-01
   3.8671875e+00  -7.4810483e-01
   3.8710938e+00  -7.4550701e-01
   3.8750000e+00  -7.4289783e-01
   3.8789063e+00  -7.4027730e-01
   3.8828125e+00  -7.3764548e-01
   3.8867188e+00  -7.3500241e-01
   3.8906250e+00  -7.3234812e-01
   3.8945313e+00  -7.2968265e-01
   3.8984375e+00  -7.2700605e-01
   3.9023438e+00  -7.2431836e-01
   3.9062500e+00  -7.2161962e-01
   3.9101563e+00  -7.1890986e-01
   3.9140625e+00  -7.1618913e-01
   3.9179688e+00  -7.1345748e-01
   3.9218750e+00  -7.1071494e-01
   3.9257813e+00  -7.0796156e-01
   3.9296875e+00  -7.0519737e-01
   3.9335938e+00  -7.0242242e-01
   3.9375000e+00  -6.9963676e-01
   3.9414063e+00  -6.9684041e-01
   3.9453125e+00  -6.9403344e-01
   3.9492188e+00  -6.9121588e-01
   3.9531250e+00  -6.8838777e-01
   3.9570313e+00  -6.8554915e-01
   3.9609375e+00  -6.8270007e-01
   3.9648438e+00  -6.7984058e-01
   3.9687500e+00  -6.7697071e-01
   3.9726563e+00  -6.7409052e-01
   3.9765625e+00  -6.7120004e-01
   3.9804688e+00  -6.6829931e-01
   3.9843750e+00  -6.6538839e-01
   3.9882813e+00  -6.6246732e-01
   3.9921875e+00  -6.5953613e-01
   3.9960938e+00  -6.5659489e-01
   4.0000000e+00  -6.5364362e-01
   4.0039063e+00  -6.5068238e-01
   4.0078125e+00  -6.4771121e-01
   4.0117188e+00  -6.4473016e-01
   4.0156250e+00  -6.4173927e-01
   4.0195313e+00  -6.3873859e-01
   4.0234375e+00  -6.3572817e-01
   4.0273438e+00  -6.3270804e-01
   4.0312500e+00  -6.2967826e-01
   4.0351563e+00  -6.2663887e-01
   4.0390625e+00  -6.2358991e-01
   4.0429688e+00  -6.2053145e-01
   4.0468750e+00  -6.1746351e-01
   4.0507813e+00  -6.1438615e-01
   4.0546875e+00  -6.1129942e-01
   4.0585938e+00  -6.0820336e-01
   4.0625000e+00  -6.0509802e-01
   4.0664063e+00  -6.0198345e-01
   4.0703125e+00  -5.9885969e-01
   4.0742188e+00  -5.9572679e-01
   4.0781250e+00  -5.9258481e-01
   4.0820313e+00  -5.8943378e-01
   4.0859375e+00  -5.8627375e-01
   4.0898438e+00  -5.8310478e-01
   4.0937500e+00  -5.7992692e-01
   4.0976563e+00  -5.7674020e-01
   4.1015625e+00  -5.7354469e-01
   4.1054688e+00  -5.7034042e-01
   4.1093750e+00  -5.6712745e-01
   4.1132813e+00  -5.6390583e-01
   4.1171875e+00  -5.6067560e-01
   4.1210938e+00  -5.5743682e-01
   4.1250000e+00  -5.5418953e-01
   4.1289063e+00  -5.5093378e-01
   4.1328125e+00  -5.4766963e-01
   4.1367188e+00  -5.4439712e-01
   4.1406250e+00  -5.4111631e-01
   4.1445313e+00  -5.3782723e-01
   4.1484375e+00  -5.3452995e-01
   4.1523438e+00  -5.3122452e-01
   4.1562500e+00  -5.2791098e-01
   4.1601563e+00  -5.2458938e-01
   4.1640625e+00  -5.2125978e-01
   4.1679688e+00  -5.1792223e-01
   4.1718750e+00  -5.1457677e-01
   4.1757813e+00  -5.1122346e-01
   4.1796875e+00  -5.0786235e-01
   4.1835938e+00  -5.0449349e-01
   4.1875000e+00  -5.0111693e-01
   4.1914063e+00  -4.9773273e-01
   4.1953125e+00  -4.9434093e-01
   4.1992188e+00  -4.9094159e-01
   4.2031250e+00  -4.8753476e-01
   4.2070313e+00  -4.8412049e-01
   4.2109375e+00  -4.8069883e-01
   4.2148438e+00  -4.7726983e-01
   4.2187500e+00  -4.7383356e-01
   4.2226563e+00  -4.7039005e-01
   4.2265625e+00  -4.6693937e-01
   4.2304688e+00  -4.6348156e-01
   4.2343750e+00  -4.6001668e-01
   4.2382813e+00  -4.5654478e-01
   4.2421875e+00  -4.5306591e-01
   4.2460938e+00  -4.4958013e-01
   4.2500000e+00  -4.4608749e-01
   4.2539063e+00  -4.4258804e-01
   4.2578125e+00  -4.3908184e-01
   4.2617188e+00  -4.3556894e-01
   4.2656250e+00  -4.3204940e-01
   4.2695313e+00  -4.2852326e-01
   4.2734375e+00  -4.2499058e-01
   4.2773438e+00  -4.2145142e-01
   4.2812500e+00  -4.1790583e-01
   4.2851563e+00  -4.1435386e-01
   4.2890625e+00  -4.1079556e-01
   4.2929688e+00  -4.0723100e-01
   4.2968750e+00  -4.0366023e-01
   4.3007813e+00  -4.0008330e-01
   4.3046875e+00  -3.9650026e-01
   4.3085938e+00  -3.9291117e-01
   4.3125000e+00  -3.8931608e-01
   4.3164063e+00  -3.8571506e-01
   4.3203125e+00  -3.8210815e-01
   4.3242188e+00  -3.7849541e-01
   4.3281250e+00  -3.7487689e-01
   4.3320313e+00  -3.7125266e-01
   4.3359375e+00  -3.6762276e-01
   4.3398438e+00  -3.6398725e-01
   4.3437500e+00  -3.6034618e-01
   4.3476563e+00  -3.5669962e-01
   4.3515625e+00  -3.5304761e-01
   4.3554688e+00  -3.4939022e-01
   4.3593750e+00  -3.4572750e-01
   4.3632813e+00  -3.4205950e-01
   4.3671875e+00  -3.3838628e-01
   4.3710938e+00  -3.3470790e-01
   4.3750000e+00  -3.3102441e-01
   4.3789063e+00  -3.2733587e-01
   4.3828125e+00  -3.2364233e-01
   4.3867188e+00  -3.1994386e-01
   4.3906250e+00  -3.1624050e-01
   4.3945313e+00  -3.1253232e-01
   4.3984375e+00  -3.0881937e-01
   4.4023438e+00  -3.0510171e-01
   4.4062500e+00  -3.0137939e-01
   4.4101563e+00  -2.9765248e-01
   4.4140625e+00  -2.9392102e-01
   4.4179688e+00  -2.9018508e-01
   4.4218750e+00  -2.8644471e-01
   4.4257813e+00  -2.8269996e-01
   4.4296875e+00  -2.7895091e-01
   4.4335938e+00  -2.7519760e-01
   4.4375000e+00  -2.7144009e-01
   4.4414063e+00  -2.6767843e-01
   4.4453125e+00  -2.6391270e-01
   4.4492188e+00  -2.6014293e-01
   4.4531250e+00  -2.5636920e-01
   4.4570313e+00  -2.5259156e-01
   4.4609375e+00  -2.4881006e-01
   4.4648438e+00  -2.4502476e-01
   4.4687500e+00  -2.4123572e-01
   4.4726563e+00  -2.3744301e-01
   4.4765625e+00  -2.3364667e-01
   4.4804688e+00  -2.2984677e-01
   4.4843750e+00  -2.2604335e-01
   4.4882813e+00  -2.2223649e-01
   4.4921875e+00  -2.1842624e-01
   4.4960938e+00  -2.1461266e-01
   4.5000000e+00  -2.1079580e-01
   4.5039063e+00  -2.0697572e-01
   4.5078125e+00  -2.0315249e-01
   4.5117188e+00  -1.9932616e-01
   4.5156250e+00  -1.9549678e-01
   4.5195313e+00  -1.9166442e-01
   4.5234375e+00  -1.8782914e-01
   4.5273438e+00  -1.8399099e-01
   4.5312500e+00  -1.8015004e-01
   4.5351563e+00  -1.7630633e-01
   4.5390625e+00  -1.7245994e-01
   4.5429688e+00  -1.6861091e-01
   4.5468750e+00  -1.6475931e-01
   4.5507813e+00  -1.6090520e-01
   4.5546875e+00  -1.5704863e-01
   4.5585938e+00  -1.5318966e-01
   4.5625000e+00  -1.4932836e-01
   4.5664063e+00  -1.4546478e-01
   4.5703125e+00  -1.4159898e-01
   4.5742188e+00  -1.3773101e-01
   4.5781250e+00  -1.3386095e-01
   4.5820313e+00  -1.2998885e-01
   4.5859375e+00  -1.2611476e-01
   4.5898438e+00  -1.2223874e-01
   4.5937500e+00  -1.1836086e-01
   4.5976563e+00  -1.1448118e-01
   4.6015625e+00  -1.1059975e-01
   4.6054688e+00  -1.0671663e-01
   4.6093750e+00  -1.0283188e-01
   4.6132813e+00  -9.8945565e-02
   4.6171875e+00  -9.5057739e-02
   4.6210938e+00  -9.1168462e-02
   4.6250000e+00  -8.7277794e-02
   4.6289063e+00  -8.3385794e-02
   4.6328125e+00  -7.9492522e-02
   4.6367188e+00  -7.5598037e-02
   4.6406250e+00  -7.1702398e-02
   4.6445313e+00  -6.7805665e-02
   4.6484375e+00  -6.3907898e-02
   4.6523438e+00  -6.0009155e-02
   4.6562500e+00  -5.6109497e-02
   4.6601563e+00  -5.2208983e-02
   4.6640625e+00  -4.8307672e-02
   4.6679688e+00  -4.4405624e-02
   4.6718750e+00  -4.0502898e-02
   4.6757813e+00  -3.6599554e-02
   4.6796875e+00  -3.2695652e-02
   4.6835938e+00  -2.8791251e-02
   4.6875000e+00  -2.4886411e-02
   4.6914063e+00  -2.0981191e-02
   4.6953125e+00  -1.7075650e-02
   4.6992188e+00  -1.3169850e-02
   4.7031250e+00  -9.2638479e-03
   4.7070313e+00  -5.3577048e-03
   4.7109375e+00  -1.4514799e-03
   4.7148438e+00   2.4547671e-03
   4.7187500e+00   6.3609767e-03
   4.7226563e+00   1.0267089e-02
   4.7265625e+00   1.4173045e-02
   4.7304688e+00   1.8078785e-02
   4.7343750e+00   2.1984248e-02
   4.7382813e+00   2.5889377e-02
   4.7421875e+00   2.9794110e-02
   4.7460938e+00   3.3698388e-02
   4.7500000e+00   3.7602153e-02
   4.7539063e+00   4.1505344e-02
   4.7578125e+00   4.5407901e-02
   4.7617188e+00   4.9309765e-02
   4.7656250e+00   5.3210877e-02
   4.7695313e+00   5.7111177e-02
   4.7734375e+00   6.1010606e-02
   4.7773438e+00   6.4909104e-02
   4.7812500e+00   6.8806611e-02
   4.7851563e+00   7.2703069e-02
   4.7890625e+00   7.6598417e-02
   4.7929688e+00   8.0492596e-02
   4.7968750e+00   8.4385547e-02
   4.8007813e+00   8.8277210e-02
   4.8046875e+00   9.2167527e-02
   4.8085938e+00   9.6056437e-02
   4.8125000e+00   9.9943881e-02
   4.8164063e+00   1.0382980e-01
   4.8203125e+00   1.0771414e-01
   4.8242188e+00   1.1159683e-01
   4.8281250e+00   1.1547782e-01
   4.8320313e+00   1.1935704e-01
   4.8359375e+00   1.2323445e-01
   4.8398438e+00   1.2710997e-01
   4.8437500e+00   1.3098356e-01
   4.8476563e+00   1.3485514e-01
   4.8515625e+00   1.3872467e-01
   4.8554688e+00   1.4259209e-01
   4.8593750e+00   1.4645732e-01
   4.8632813e+00   1.5032032e-01
   4.8671875e+00   1.5418103e-01
   4.8710938e+00   1.5803939e-01
   4.8750000e+00   1.6189533e-01
   4.8789063e+00   1.6574880e-01
   4.8828125e+00   1.6959975e-01
   4.8867188e+00   1.7344810e-01
   4.8906250e+00   1.7729381e-01
   4.8945313e+00   1.8113682e-01
   4.8984375e+00   1.8497706e-01
   4.9023438e+00   1.8881448e-01
   4.9062500e+00   1.9264902e-01
   4.9101563e+00   1.9648061e-01
   4.9140625e+00   2.0030921e-01
   4.9179688e+00   2.0413476e-01
   4.9218750e+00   2.0795718e-01
   4.9257813e+00   2.1177644e-01
   4.9296875e+00   2.1559246e-01
   4.9335938e+00   2.1940520e-01
   4.9375000e+00   2.2321458e-01
   4.9414063e+00   2.2702056e-01
   4.9453125e+00   2.3082308e-01
   4.9492188e+00   2.3462207e-01
   4.9531250e+00   2.3841749e-01
   4.9570313e+00   2.4220926e-01
   4.9609375e+00   2.4599734e-01
   4.9648438e+00   2.4978167e-01
   4.9687500e+00   2.5356218e-01
   4.9726563e+00   2.5733883e-01
   4.9765625e+00   2.6111155e-01
   4.9804688e+00   2.6488028e-01
   4.9843750e+00   2.6864498e-01
   4.9882813e+00   2.7240557e-01
   4.9921875e+00   2.7616201e-01
   4.9960938e+00   2.7991423e-01
   5.0000000e+00   2.8366219e-01
   5.0039063e+00   2.8740581e-01
   5.0078125e+00   2.9114505e-01
   5.0117188e+00   2.9487984e-01
   5.0156250e+00   2.9861014e-01
   5.0195313e+00   3.0233588e-01
   5.0234375e+00   3.0605701e-01
   5.0273438e+00   3.0977347e-01
   5.0312500e+00   3.1348520e-01
   5.0351563e+00   3.1719214e-01
   5.0390625e+00   3.2089425e-01
   5.0429688e+00   3.2459146e-01
   5.0468750e+00   3.2828372e-01
   5.0507813e+00   3.3197097e-01
   5.0546875e+00   3.3565315e-01
   5.0585938e+00   3.3933021e-01
   5.0625000e+00   3.4300209e-01
   5.0664063e+00   3.4666874e-01
   5.0703125e+00   3.5033010e-01
   5.0742188e+00   3.5398612e-01
   5.0781250e+00   3.5763673e-01
   5.0820313e+00   3.6128189e-01
   5.0859375e+00   3.6492153e-01
   5.0898438e+00   3.6855561e-01
   5.0937500e+00   3.7218406e-01
   5.0976563e+00   3.7580683e-01
   5.1015625e+00   3.7942387e-01
   5.1054688e+00   3.8303511e-01
   5.1093750e+00   3.8664052e-01
   5.1132813e+00   3.9024002e-01
   5.1171875e+00   3.9383357e-01
   5.1210938e+00   3.9742111e-01
   5.1250000e+00   4.0100259e-01
   5.1289063e+00   4.0457794e-01
   5.1328125e+00   4.0814713e-01
   5.1367188e+00   4.1171008e-01
   5.1406250e+00   4.1526676e-01
   5.1445313e+00   4.1881709e-01
   5.1484375e+00   4.2236104e-01
   5.1523438e+00   4.2589854e-01
   5.1562500e+00   4.2942955e-01
   5.1601563e+00   4.3295400e-01
   5.1640625e+00   4.3647184e-01
   5.1679688e+00   4.3998302e-01
   5.1718750e+00   4.4348749e-01
   5.1757813e+00   4.4698520e-01
   5.1796875e+00   4.5047608e-01
   5.1835938e+00   4.5396009e-01
   5.1875000e+00   4.5743717e-01
   5.1914063e+00   4.6090728e-01
   5.1953125e+00   4.6437035e-01
   5.1992188e+00   4.6782633e-01
   5.2031250e+00   4.7127517e-01
   5.2070313e+00   4.7471683e-01
   5.2109375e+00   4.7815124e-01
   5.2148438e+00   4.8157835e-01
   5.2187500e+00   4.8499812e-01
   5.2226563e+00   4.8841049e-01
   5.2265625e+00   4.9181540e-01
   5.2304688e+00   4.9521281e-01
   5.2343750e+00   4.9860266e-01
   5.2382813e+00   5.0198491e-01
   5.2421875e+00   5.0535949e-01
   5.2460938e+00   5.0872637e-01
   5.2500000e+00   5.1208548e-01
   5.2539063e+00   5.1543677e-01
   5.2578125e+00   5.1878021e-01
   5.2617188e+00   5.2211572e-01
   5.2656250e+00   5.2544327e-01
   5.2695313e+00   5.2876281e-01
   5.2734375e+00   5.3207427e-01
   5.2773438e+00   5.3537761e-01
   5.2812500e+00   5.3867279e-01
   5.2851563e+00   5.4195975e-01
   5.2890625e+00   5.4523843e-01
   5.2929688e+00   5.4850880e-01
   5.2968750e+00   5.5177080e-01
   5.3007813e+00   5.5502438e-01
   5.3046875e+00   5.5826949e-01
   5.3085938e+00   5.6150608e-01
   5.3125000e+00   5.6473410e-01
   5.3164063e+00   5.6795350e-01
   5.3203125e+00   5.7116424e-01
   5.3242188e+00   5.7436627e-01
   5.3281250e+00   5.7755953e-01
   5.3320313e+00   5.8074397e-01
   5.3359375e+00   5.8391956e-01
   5.3398438e+00   5.8708624e-01
   5.3437500e+00   5.9024395e-01
   5.3476563e+00   5.9339266e-01
   5.3515625e+00   5.9653232e-01
   5.3554688e+00   5.9966288e-01
   5.3593750e+00   6.0278428e-01
   5.3632813e+00   6.0589649e-01
   5.3671875e+00   6.0899945e-01
   5.3710938e+00   6.1209312e-01
   5.3750000e+00   6.1517744e-01
   5.3789063e+00   6.1825239e-01
   5.3828125e+00   6.2131790e-01
   5.3867188e+00   6.2437392e-01
   5.3906250e+00   6.2742042e-01
   5.3945313e+00   6.3045735e-01
   5.3984375e+00   6.3348466e-01
   5.4023438e+00   6.3650230e-01
   5.4062500e+00   6.3951023e-01
   5.4101563e+00   6.4250840e-01
   5.4140625e+00   6.4549676e-01
   5.4179688e+00   6.4847528e-01
   5.4218750e+00   6.5144390e-01
   5.4257813e+00   6.5440258e-01
   5.4296875e+00   6.5735128e-01
   5.4335938e+00   6.6028995e-01
   5.4375000e+00   6.6321854e-01
   5.4414063e+00   6.6613701e-01
   5.4453125e+00   6.6904531e-01
   5.4492188e+00   6.7194341e-01
   5.4531250e+00   6.7483126e-01
   5.4570313e+00   6.7770880e-01
   5.4609375e+00   6.8057601e-01
   5.4648438e+00   6.8343283e-01
   5.4687500e+00   6.8627923e-01
   5.4726563e+00   6.8911515e-01
   5.4765625e+00   6.9194055e-01
   5.4804688e+00   6.9475540e-01
   5.4843750e+00   6.9755965e-01
   5.4882813e+00   7.0035325e-01
   5.4921875e+00   7.0313617e-01
   5.4960938e+00   7.0590836e-01
   5.5000000e+00   7.0866977e-01
   5.5039063e+00   7.1142038e-01
   5.5078125e+00   7.1416013e-01
   5.5117188e+00   7.1688898e-01
   5.5156250e+00   7.1960689e-01
   5.5195313e+00   7.2231382e-01
   5.5234375e+00   7.2500973e-01
   5.5273438e+00   7.2769458e-01
   5.5312500e+00   7.3036832e-01
   5.5351563e+00   7.3303092e-01
   5.5390625e+00   7.3568233e-01
   5.5429688e+00   7.3832252e-01
   5.5468750e+00   7.4095144e-01
   5.5507813e+00   7.4356906e-01
   5.5546875e+00   7.4617533e-01
   5.5585938e+00   7.4877021e-01
   5.5625000e+00   7.5135367e-01
   5.5664063e+00   7.5392567e-01
   5.5703125e+00   7.5648616e-01
   5.5742188e+00   7.5903510e-01
   5.5781250e+00   7.6157247e-01
   5.5820313e+00   7.6409821e-01
   5.5859375e+00   7.6661230e-01
   5.5898438e+00   7.6911469e-01
   5.5937500e+00   7.7160534e-01
   5.5976563e+00   7.7408422e-01
   5.6015625e+00   7.7655129e-01
   5.6054688e+00   7.7900650e-01
   5.6093750e+00   7.8144983e-01
   5.6132813e+00   7.8388124e-01
   5.6171875e+00   7.8630069e-01
   5.6210938e+00   7.8870814e-01
   5.6250000e+00   7.9110355e-01
   5.6289063e+00   7.9348689e-01
   5.6328125e+00   7.9585813e-01
   5.6367188e+00   7.9821722e-01
   5.6406250e+00   8.0056413e-01
   5.6445313e+00   8.0289882e-01
   5.6484375e+00   8.0522127e-01
   5.6523438e+00   8.0753142e-01
   5.6562500e+00   8.0982926e-01
   5.6601563e+00   8.1211474e-01
   5.6640625e+00   8.1438782e-01
   5.6679688e+00   8.1664848e-01
   5.6718750e+00   8.1889668e-01
   5.6757813e+00   8.2113239e-01
   5.6796875e+00   8.2335556e-01
   5.6835938e+00   8.2556617e-01
   5.6875000e+00   8.2776418e-01
   5.6914063e+00   8.2994957e-01
   5.6953125e+00   8.3212229e-01
   5.6992188e+00   8.3428231e-01
   5.7031250e+00   8.3642960e-01
   5.7070313e+00   8.3856413e-01
   5.7109375e+00   8.4068586e-01
   5.7148438e+00   8.4279477e-01
   5.7187500e+00   8.4489081e-01
   5.7226563e+00   8.4697396e-01
   5.7265625e+00   8.4904419e-01
   5.7304688e+00   8.5110147e-01
   5.7343750e+00   8.5314576e-01
   5.7382813e+00   8.5517703e-01
   5.7421875e+00   8.5719525e-01
   5.7460938e+00   8.5920039e-01
   5.7500000e+00   8.6119242e-01
   5.7539063e+00   8.6317131e-01
   5.7578125e+00   8.6513703e-01
   5.7617188e+00   8.6708954e-01
   5.7656250e+00   8.6902883e-01
   5.7695313e+00   8.7095486e-01
   5.7734375e+00   8.7286759e-01
   5.7773438e+00   8.7476701e-01
   5.7812500e+00   8.7665308e-01
   5.7851563e+00   8.7852578e-01
   5.7890625e+00   8.8038507e-01
   5.7929688e+00   8.8223092e-01
   5.7968750e+00   8.8406331e-01
   5.8007813e+00   8.8588222e-01
   5.8046875e+00   8.8768760e-01
   5.8085938e+00   8.8947944e-01
   5.8125000e+00   8.9125771e-01
   5.8164063e+00   8.9302238e-01
   5.8203125e+00   8.9477342e-01
   5.8242188e+00   8.9651081e-01
   5.8281250e+00   8.9823452e-01
   5.8320313e+00   8.9994453e-01
   5.8359375e+00   9.0164080e-01
   5.8398438e+00   9.0332331e-01
   5.8437500e+00   9.0499204e-01
   5.8476563e+00   9.0664697e-01
   5.8515625e+00   9.0828805e-01
   5.8554688e+00   9.0991528e-01
   5.8593750e+00   9.1152862e-01
   5.8632813e+00   9.1312806e-01
   5.8671875e+00   9.1471356e-01
   5.8710938e+00   9.1628510e-01
   5.8750000e+00   9.1784267e-01
   5.8789063e+00   9.1938622e-01
   5.8828125e+00   9.2091575e-01
   5.8867188e+00   9.2243123e-01
   5.8906250e+00   9.2393263e-01
   5.8945313e+00   9.2541993e-01
   5.8984375e+00   9.2689312e-01
   5.9023438e+00   9.2835216e-01
   5.9062500e+00   9.2979703e-01
   5.9101563e+00   9.3122772e-01
   5.9140625e+00   9.3264419e-01
   5.9179688e+00   9.3404644e-01
   5.9218750e+00   9.3543443e-01
   5.9257813e+00   9.3680815e-01
   5.9296875e+00   9.3816758e-01
   5.9335938e+00   9.3951269e-01
   5.9375000e+00   9.4084346e-01
   5.9414063e+00   9.4215988e-01
   5.9453125e+00   9.4346192e-01
   5.9492188e+00   9.4474957e-01
   5.9531250e+00   9.4602280e-01
   5.9570313e+00   9.4728159e-01
   5.9609375e+00   9.4852594e-01
   5.9648438e+00   9.4975580e-01
   5.9687500e+00   9.5097118e-01
   5.9726563e+00   9.5217204e-01
   5.9765625e+00   9.5335838e-01
   5.9804688e+00   9.5453017e-01
   5.9843750e+00   9.5568739e-01
   5.9882813e+00   9.5683003e-01
   5.9921875e+00   9.5795807e-01
   5.9960938e+00   9.5907150e-01
   6.0000000e+00   9.6017029e-01
   6.0039063e+00   9.6125443e-01
   6.0078125e+00   9.6232390e-01
   6.0117188e+00   9.6337868e-01
   6.0156250e+00   9.6441877e-01
   6.0195313e+00   9.6544414e-01
   6.0234375e+00   9.6645478e-01
   6.0273438e+00   9.6745067e-01
   6.0312500e+00   9.6843180e-01
   6.0351563e+00   9.6939816e-01
   6.0390625e+00   9.7034972e-01
   6.0429688e+00   9.7128648e-01
   6.0468750e+00   9.7220841e-01
   6.0507813e+00   9.7311551e-01
   6.0546875e+00   9.7400776e-01
   6.0585938e+00   9.7488515e-01
   6.0625000e+00   9.7574767e-01
   6.0664063e+00   9.7659529e-01
   6.0703125e+00   9.7742801e-01
   6.0742188e+00   9.7824582e-01
   6.0781250e+00   9.7904871e-01
   6.0820313e+00   9.7983665e-01
   6.0859375e+00   9.8060964e-01
   6.0898438e+00   9.8136767e-01
   6.0937500e+00   9.8211073e-01
   6.0976563e+00   9.8283879e-01
   6.1015625e+00   9.8355187e-01
   6.1054688e+00   9.8424993e-01
   6.1093750e+00   9.8493298e-01
   6.1132813e+00   9.8560099e-01
   6.1171875e+00   9.8625397e-01
   6.1210938e+00   9.8689190e-01
   6.1250000e+00   9.8751477e-01
   6.1289063e+00   9.8812257e-01
   6.1328125e+00   9.8871530e-01
   6.1367188e+00   9.8929294e-01
   6.1406250e+00   9.8985548e-01
   6.1445313e+00   9.9040292e-01
   6.1484375e+00   9.9093524e-01
   6.1523438e+00   9.9145245e-01
   6.1562500e+00   9.9195453e-01
   6.1601563e+00   9.9244147e-01
   6.1640625e+00   9.9291326e-01
   6.1679688e+00   9.9336991e-01
   6.1718750e+00   9.9381140e-01
   6.1757813e+00   9.9423773e-01
   6.1796875e+00   9.9464888e-01
   6.1835938e+00   9.9504486e-01
   6.1875000e+00   9.9542565e-01
   6.1914063e+00   9.9579126e-01
   6.1953125e+00   9.9614167e-01
   6.1992188e+00   9.9647688e-01
   6.2031250e+00   9.9679689e-01
   6.2070313e+00   9.9710168e-01
   6.2109375e+00   9.9739126e-01
   6.2148438e+00   9.9766562e-01
   6.2187500e+00   9.9792476e-01
   6.2226563e+00   9.9816868e-01
   6.2265625e+00   9.9839736e-01
   6.2304688e+00   9.9861080e-01
   6.2343750e+00   9.9880901e-01
   6.2382813e+00   9.9899198e-01
   6.2421875e+00   9.9915971e-01
   6.2460938e+00   9.9931219e-01
   6.2500000e+00   9.9944942e-01
   6.2539063e+00   9.9957140e-01
   6.2578125e+00   9.9967813e-01
   6.2617188e+00   9.9976960e-01
   6.2656250e+00   9.9984582e-01
   6.2695313e+00   9.9990678e-01
   6.2734375e+00   9.9995249e-01
   6.2773438e+00   9.9998294e-01
   6.2812500e+00   9.9999813e-01
